81
8 1 2 7 5 3 6 4 9  
9 4 3 6 8 2 1 7 5  
6 7 5 4 9 1 2 8 3  
1 5 4 2 3 7 8 9 6  
3 6 9 8 4 5 7 2 1  
2 8 7 1 6 9 5 3 4  
5 2 1 9 7 4 3 6 8  
4 3 8 5 2 6 9 1 7  
7 9 6 3 1 8 4 5 2 
78
8 1 2 7 5 3 6 4 9  
9 4 3 0 8 2 1 7 5  
6 7 5 4 9 1 2 8 3  
1 5 4 2 3 7 8 9 6  
3 6 9 8 4 0 7 2 1  
2 8 7 1 6 9 5 3 4  
5 2 0 9 7 4 3 6 8  
4 3 8 5 2 6 9 1 7  
7 9 6 3 1 8 4 5 2 
75
8 1 2 7 5 3 6 0 9  
9 4 3 0 8 2 1 7 5  
6 7 5 4 9 1 2 8 3  
1 0 4 2 3 7 8 9 6  
3 6 9 8 4 0 7 2 1  
2 8 7 1 6 9 5 3 4  
5 2 0 9 7 4 3 6 8  
4 3 8 5 2 6 9 1 7  
7 9 6 3 1 8 4 5 0 
72
8 1 2 7 5 3 6 0 9  
9 4 3 0 8 2 1 7 5  
6 7 5 4 9 1 2 8 3  
1 0 4 2 3 7 8 9 6  
3 6 9 8 4 0 7 2 1  
2 8 7 0 6 9 5 3 4  
5 2 0 9 7 4 3 6 8  
0 3 8 5 0 6 9 1 7  
7 9 6 3 1 8 4 5 0 
69
8 1 0 7 5 3 6 0 9  
0 4 3 0 8 2 1 7 5  
6 7 5 4 9 1 2 8 3  
1 0 4 2 3 7 8 9 0  
3 6 9 8 4 0 7 2 1  
2 8 7 0 6 9 5 3 4  
5 2 0 9 7 4 3 6 8  
0 3 8 5 0 6 9 1 7  
7 9 6 3 1 8 4 5 0 
66
8 1 0 7 5 3 6 0 9  
0 4 3 0 8 2 1 7 5  
6 7 5 4 9 1 0 8 3  
1 0 4 2 3 7 8 9 0  
3 6 9 8 4 0 7 2 1  
2 8 7 0 6 9 5 3 4  
5 2 0 9 7 4 0 6 8  
0 3 8 5 0 6 9 1 7  
7 9 0 3 1 8 4 5 0 
63
8 1 0 7 5 3 6 0 9  
0 4 3 0 8 2 1 7 5  
6 7 0 4 9 1 0 8 3  
1 0 4 2 3 7 8 9 0  
3 6 0 8 4 0 7 2 1  
2 8 7 0 6 9 5 0 4  
5 2 0 9 7 4 0 6 8  
0 3 8 5 0 6 9 1 7  
7 9 0 3 1 8 4 5 0 
60
8 1 0 7 5 3 6 0 9  
0 4 3 0 0 2 1 7 5  
6 7 0 4 9 1 0 8 3  
1 0 4 2 0 7 8 9 0  
3 6 0 8 4 0 7 2 1  
2 8 7 0 6 9 5 0 4  
5 2 0 9 7 4 0 6 0  
0 3 8 5 0 6 9 1 7  
7 9 0 3 1 8 4 5 0 
57
8 0 0 7 5 3 6 0 9  
0 4 3 0 0 2 1 7 5  
6 7 0 4 9 1 0 8 3  
1 0 4 2 0 7 8 9 0  
3 6 0 8 4 0 7 2 1  
2 0 7 0 6 9 5 0 4  
5 2 0 9 0 4 0 6 0  
0 3 8 5 0 6 9 1 7  
7 9 0 3 1 8 4 5 0 
54
8 0 0 7 5 3 6 0 9  
0 4 3 0 0 2 1 7 5  
6 7 0 4 9 1 0 8 3  
1 0 4 2 0 7 8 9 0  
3 6 0 8 0 0 7 2 1  
2 0 7 0 6 9 5 0 4  
5 2 0 9 0 4 0 6 0  
0 3 8 5 0 6 0 1 7  
7 9 0 3 1 0 4 5 0 